151
27
90
194
61
71
122
132
202
37
225
118
53
80
221
203
97
165
94
124
190
36
87
15
39
106
242
233
73
45
215
66
22
241
68
38
164
147
170
172
67
177
93
32
127
150
54
28
120
20
159
162
78
62
208
211
175
141
223
229
46
149
210
113
213
13
244
110
119
179
29
146
108
195
154
220
34
52
98
191
250
60
230
139
89
163
184
180
18
41
134
246
48
44
247
0
121
109
75
69
42
35
201
7
236
140
168
56
160
16
153
228
8
145
167
57
216
47
99
65
138
63
24
166
240
239
254
58
187
51
252
14
136
12
199
243
133
85
74
25
114
96
192
152
9
76
231
238
189
253
178
95
100
226
248
10
219
91
183
83
40
117
173
123
207
17
198
227
107
48
2
137
19
193
5
209
88
135
105
115
84
158
171
129
55
86
174
186
3
79
176
206
31
185
11
77
125
33
92
249
